do_debug <- 0
T <- 100
N <- 6
m3_observed <-
structure(c(2, 1, 1, 1, 1, 4, 1, 3, 3, 3, 1, 4, 1, 3, 3, 3, 4, 3, 4, 3, 0, 1, 1, 4, 1, 1, 4, 3, 4, 4, 1, 1, 1, 3, 3, 3, 3, 3, 3, 3, 0, 1, 1, 1, 4, 1, 4, 3, 3, 3, 4, 1, 4, 3, 3, 3, 4, 4, 4, 3, 0, 1, 1, 1, 1, 1, 1, 3, 3, 3, 1, 1, 1, 3, 3, 3, 3, 3, 3, 3, 0, 1, 4, 1, 1, 3, 1, 4, 3, 4, 1, 4, 1, 3, 3, 3, 4, 3, 4, 3, 0, 1, 1, 1, 1, 1, 1, 3, 3, 3, 1, 1, 1, 3, 3, 3, 3, 3, 3, 3, 0, 1, 1, 1, 1, 1, 1, 3, 3, 3, 1, 1, 1, 3, 3, 3, 3, 3, 3, 3, 0, 1, 1, 4, 4, 1, 1, 3, 3, 3, 4, 1, 4, 3, 4, 4, 4, 4, 3, 3, 0, 1, 4, 1, 1, 1, 1, 3, 3, 3, 1, 4, 1, 4, 3, 4, 3, 3, 3, 3, 0, 1, 1, 1, 1, 1, 1, 3, 3, 3, 1, 1, 1, 3, 3, 3, 3, 3, 3, 3, 0, 4, 1, 1, 2, 1, 4, 4, 4, 3, 4, 1, 4, 3, 3, 3, 4, 2, 4, 3, 0, 4, 1, 1, 1, 1, 1, 3, 3, 3, 4, 1, 1, 4, 4, 3, 3, 3, 3, 3, 0, 1, 1, 1, 1, 1, 1, 3, 3, 3, 1, 1, 1, 3, 3, 3, 3, 3, 3, 4, 0, 1, 1, 1, 1, 1, 1, 3, 3, 3, 1, 1, 1, 3, 3, 3, 3, 3, 3, 3, 0, 1, 1, 4, 1, 1, 4, 3, 3, 3, 1, 1, 2, 3, 4, 4, 3, 4, 4, 3, 2, 1, 1, 1, 1, 1, 1, 3, 3, 3, 1, 1, 1, 3, 3, 3, 3, 3, 3, 3, 0, 1, 4, 1, 1, 1, 1, 3, 3, 3, 1, 4, 1, 4, 3, 4, 3, 3, 3, 4, 0, 1, 1, 1, 1, 1, 1, 3, 3, 3, 1, 1, 1, 3, 3, 3, 3, 3, 3, 3, 0, 1, 1, 1, 1, 1, 1, 3, 0, 3, 1, 1, 1, 3, 0, 3, 3, 0, 3, 4, 0, 4, 1, 1, 4, 1, 1, 4, 4, 3, 1, 1, 1, 3, 3, 3, 3, 3, 3, 3, 2, 4, 1, 4, 1, 1, 4, 4, 4, 4, 4, 1, 1, 3, 3, 3, 4, 4, 3, 3, 0, 1, 1, 1, 1, 1, 1, 3, 3, 3, 1, 1, 1, 3, 3, 3, 3, 3, 3, 3, 0, 1, 1, 1, 1, 1, 1, 3, 3, 3, 1, 1, 1, 3, 3, 3, 3, 3, 3, 3, 0, 1, 1, 4, 1, 1, 4, 3, 4, 4, 1, 1, 4, 3, 3, 3, 3, 4, 4, 3, 4, 2, 0, 0, 4, 1, 1, 4, 4, 3, 1, 1, 1, 3, 3, 3, 3, 3, 3, 0, 3, 1, 1, 4, 1, 1, 1, 3, 3, 3, 1, 1, 4, 3, 4, 4, 3, 3, 3, 3, 0, 1, 1, 4, 1, 1, 4, 3, 4, 4, 1, 1, 1, 3, 3, 3, 3, 3, 3, 3, 0, 1, 1, 1, 1, 1, 1, 3, 3, 3, 1, 1, 1, 3, 3, 3, 3, 3, 3, 3, 0, 1, 1, 1, 1, 1, 1, 3, 3, 3, 1, 1, 1, 3, 3, 3, 3, 3, 3, 3, 0, 1, 1, 1, 1, 4, 1, 3, 3, 3, 1, 4, 1, 3, 3, 3, 4, 3, 4, 3, 0, 1, 1, 1, 1, 4, 1, 3, 3, 3, 1, 4, 1, 3, 3, 3, 4, 3, 4, 3, 1, 4, 1, 1, 4, 4, 4, 4, 4, 3, 1, 4, 4, 3, 3, 3, 4, 4, 1, 3, 0, 1, 1, 1, 1, 1, 4, 3, 3, 3, 1, 1, 4, 3, 3, 3, 3, 4, 4, 3, 0, 1, 1, 1, 1, 1, 1, 3, 3, 3, 1, 1, 1, 3, 3, 3, 3, 3, 3, 3, 0, 1, 1, 1, 1, 1, 1, 3, 3, 3, 1, 1, 1, 3, 3, 3, 3, 3, 3, 3, 0, 1, 1, 1, 1, 1, 1, 3, 3, 3, 1, 1, 1, 3, 3, 3, 3, 3, 3, 3, 4, 1, 1, 4, 3, 0, 0, 3, 3, 3, 4, 1, 4, 3, 4, 4, 4, 4, 3, 3, 0, 4, 1, 1, 1, 1, 1, 3, 3, 3, 4, 1, 1, 4, 4, 3, 3, 3, 3, 3, 0, 1, 4, 1, 4, 4, 1, 4, 3, 4, 4, 1, 1, 3, 3, 3, 4, 4, 3, 3, 0, 1, 1, 1, 1, 1, 1, 3, 3, 3, 1, 1, 1, 3, 3, 3, 3, 3, 3, 3, 3, 1, 4, 1, 1, 4, 1, 4, 3, 4, 1, 1, 1, 3, 3, 3, 3, 3, 3, 3, 0, 1, 4, 4, 1, 1, 4, 3, 4, 4, 1, 4, 1, 4, 3, 4, 3, 3, 3, 4, 0, 1, 4, 1, 1, 4, 4, 4, 3, 4, 1, 1, 4, 3, 3, 3, 3, 4, 4, 3, 0, 1, 1, 4, 4, 1, 4, 3, 3, 3, 4, 1, 4, 3, 4, 4, 4, 4, 4, 3, 0, 1, 4, 1, 1, 4, 4, 4, 3, 4, 1, 1, 4, 3, 3, 3, 3, 4, 4, 3, 1, 1, 1, 4, 1, 1, 1, 3, 3, 3, 1, 1, 4, 3, 4, 4, 3, 3, 3, 3, 0, 1, 4, 1, 4, 1, 4, 3, 3, 3, 4, 4, 4, 4, 3, 4, 4, 0, 4, 3, 0, 1, 1, 1, 1, 1, 1, 3, 3, 3, 1, 1, 1, 3, 3, 3, 3, 3, 3, 3, 1, 1, 1, 1, 0, 0, 0, 3, 3, 3, 0, 0, 0, 3, 3, 3, 3, 3, 3, 3, 3, 1, 4, 1, 4, 4, 1, 3, 3, 3, 4, 0, 1, 4, 3, 4, 4, 4, 4, 3, 0, 4, 4, 4, 4, 1, 4, 4, 4, 4, 1, 4, 1, 4, 3, 4, 3, 3, 3, 3, 3, 1, 1, 1, 1, 1, 4, 3, 3, 3, 1, 1, 4, 3, 3, 3, 3, 4, 4, 3, 4, 1, 1, 1, 1, 1, 1, 3, 3, 3, 0, 0, 0, 3, 3, 3, 3, 3, 3, 3, 0, 1, 1, 4, 1, 1, 1, 3, 3, 3, 1, 1, 4, 3, 4, 4, 3, 3, 3, 3, 0, 1, 1, 1, 1, 1, 1, 3, 3, 3, 1, 1, 1, 3, 3, 3, 3, 3, 3, 3, 0, 1, 4, 1, 1, 4, 1, 4, 3, 4, 1, 1, 1, 3, 3, 3, 3, 3, 3, 3, 3, 4, 1, 1, 1, 1, 1, 3, 3, 3, 4, 1, 1, 4, 4, 3, 3, 3, 3, 3, 0, 4, 1, 1, 4, 1, 1, 4, 4, 3, 1, 1, 1, 3, 3, 3, 3, 3, 3, 4, 0, 1, 1, 1, 4, 1, 1, 3, 3, 3, 4, 1, 1, 3, 3, 3, 4, 4, 3, 4, 0, 1, 1, 1, 1, 4, 1, 3, 3, 3, 1, 4, 1, 3, 3, 3, 4, 3, 4, 4, 0, 1, 1, 1, 1, 1, 1, 3, 3, 3, 1, 1, 1, 3, 3, 3, 3, 3, 3, 4, 0, 4, 4, 1, 1, 4, 1, 3, 3, 3, 4, 4, 1, 2, 4, 4, 4, 3, 4, 3, 0, 4, 1, 1, 1, 1, 1, 3, 3, 3, 4, 1, 1, 4, 4, 3, 3, 3, 3, 0, 0, 4, 1, 4, 4, 1, 4, 4, 4, 4, 4, 1, 1, 4, 4, 3, 3, 3, 3, 4, 2, 1, 1, 1, 1, 1, 1, 3, 3, 3, 1, 1, 1, 3, 3, 3, 3, 3, 3, 3, 3, 4, 4, 1, 1, 4, 1, 4, 3, 4, 4, 1, 1, 4, 4, 3, 3, 3, 3, 3, 0, 1, 1, 4, 1, 1, 4, 3, 4, 4, 1, 1, 4, 3, 4, 4, 3, 3, 3, 3, 1, 4, 1, 1, 4, 1, 1, 4, 4, 3, 1, 1, 1, 3, 3, 3, 3, 3, 3, 3, 0, 1, 1, 1, 1, 1, 1, 3, 3, 3, 1, 1, 1, 3, 3, 3, 3, 3, 3, 4, 0, 1, 4, 4, 1, 4, 1, 4, 3, 4, 1, 1, 4, 3, 4, 4, 3, 3, 3, 3, 0, 1, 1, 4, 1, 1, 4, 3, 3, 0, 1, 1, 4, 3, 4, 2, 3, 4, 2, 4, 0, 1, 1, 1, 1, 1, 1, 3, 3, 3, 1, 1, 1, 3, 3, 3, 3, 3, 3, 3, 4, 1, 4, 1, 0, 0, 0, 3, 3, 3, 1, 4, 1, 4, 3, 4, 3, 3, 3, 3, 0, 1, 1, 1, 1, 1, 1, 3, 3, 3, 1, 1, 1, 3, 3, 3, 3, 3, 3, 3, 0, 4, 1, 1, 1, 1, 4, 3, 3, 3, 4, 1, 4, 4, 4, 3, 3, 4, 4, 3, 0, 1, 1, 1, 1, 1, 1, 3, 3, 3, 1, 1, 1, 3, 3, 3, 3, 3, 3, 4, 0, 4, 1, 1, 4, 1, 1, 3, 3, 3, 4, 1, 1, 4, 4, 3, 4, 4, 3, 3, 1, 4, 1, 1, 4, 1, 1, 4, 4, 3, 1, 1, 1, 3, 3, 3, 3, 3, 3, 3, 0, 1, 1, 4, 1, 1, 1, 3, 0, 3, 1, 1, 4, 3, 2, 4, 3, 0, 3, 4, 0, 1, 1, 1, 4, 1, 1, 3, 3, 3, 4, 1, 1, 3, 3, 3, 4, 4, 3, 1, 0, 1, 1, 1, 1, 1, 1, 3, 3, 3, 1, 1, 1, 3, 3, 3, 3, 3, 3, 3, 0, 1, 1, 4, 1, 1, 1, 3, 3, 3, 1, 1, 4, 3, 4, 4, 3, 3, 3, 3, 0, 4, 1, 1, 1, 4, 1, 3, 3, 3, 4, 4, 1, 4, 4, 3, 4, 3, 4, 3, 0, 1, 1, 1, 1, 1, 1, 3, 3, 3, 1, 1, 1, 3, 3, 3, 3, 3, 3, 4, 0, 1, 1, 4, 1, 1, 4, 3, 4, 4, 1, 1, 1, 3, 3, 3, 3, 3, 3, 3, 0, 4, 4, 1, 1, 4, 1, 4, 3, 4, 4, 1, 1, 4, 4, 3, 3, 3, 3, 3, 0, 1, 4, 1, 1, 1, 4, 3, 3, 3, 1, 4, 4, 4, 3, 4, 3, 4, 4, 3, 0, 1, 1, 1, 1, 1, 1, 3, 3, 3, 1, 1, 1, 3, 3, 3, 3, 3, 3, 3, 0, 1, 1, 1, 1, 1, 1, 3, 3, 3, 1, 1, 1, 3, 3, 3, 3, 3, 3, 3, 0, 1, 1, 1, 1, 1, 1, 3, 3, 3, 1, 1, 1, 3, 3, 3, 3, 3, 3, 3, 2, 1, 1, 1, 1, 1, 1, 3, 3, 3, 1, 1, 1, 3, 3, 3, 3, 3, 3, 3, 0, 1, 1, 1, 1, 1, 1, 3, 3, 3, 1, 1, 1, 3, 3, 3, 3, 3, 3, 3, 0, 1, 1, 4, 4, 1, 4, 3, 4, 4, 4, 1, 1, 3, 3, 3, 4, 4, 3, 3, 0, 1, 1, 1, 1, 1, 1, 3, 3, 3, 1, 1, 1, 3, 3, 3, 3, 3, 3, 3, 0, 1, 1, 1, 1, 1, 1, 3, 3, 3, 1, 1, 1, 3, 3, 3, 3, 3, 3, 3, 0, 1, 1, 1, 1, 1, 1, 3, 3, 3, 1, 1, 1, 3, 3, 3, 3, 3, 3, 3, 2, 1, 1, 1, 1, 1, 1, 3, 3, 3, 1, 1, 1, 3, 3, 3, 3, 3, 3, 0, 0, 1, 4, 1, 4, 1, 1, 3, 3, 3, 4, 4, 1, 4, 3, 4, 4, 4, 3, 3, 0, 4, 1, 1, 4, 1, 1, 4, 4, 3, 1, 1, 1, 3, 3, 3, 3, 3, 3, 3, 4, 1, 1, 1, 0, 0, 0, 3, 3, 3, 1, 1, 1, 3, 3, 3, 3, 3, 3, 3), .Dim = c(20, 100))
prc <-
c(0.9, 0.5)
index_m2 <-
structure(c(0, 0, 0, 0, 0, 0, 1, 0, 0, 0, 0, 0, 2, 6, 0, 0, 0, 0, 3, 7, 10, 0, 0, 0, 4, 8, 11, 13, 0, 0, 5, 9, 12, 14, 15, 0), .Dim = c(6, 6))
index_m3 <-
structure(c(0, 0, 0, 0, 0, 0, 0, 0, 0, 0, 0, 0, 0, 0, 0, 0, 0, 0, 0, 0, 0, 0, 0, 0, 0, 0, 0, 0, 0, 0, 0, 0, 0, 0, 0, 0, 0, 0, 0, 0, 0, 0, 0, 0, 0, 0, 0, 0, 0, 0, 0, 0, 0, 0, 0, 0, 0, 0, 0, 0, 0, 0, 0, 0, 0, 0, 0, 0, 0, 0, 0, 0, 0, 0, 0, 0, 0, 0, 1, 0, 0, 0, 0, 0, 0, 0, 0, 0, 0, 0, 0, 0, 0, 0, 0, 0, 0, 0, 0, 0, 0, 0, 0, 0, 0, 0, 0, 0, 0, 0, 0, 0, 0, 0, 2, 0, 0, 0, 0, 0, 5, 11, 0, 0, 0, 0, 0, 0, 0, 0, 0, 0, 0, 0, 0, 0, 0, 0, 0, 0, 0, 0, 0, 0, 0, 0, 0, 0, 0, 0, 3, 0, 0, 0, 0, 0, 6, 12, 0, 0, 0, 0, 8, 14, 17, 0, 0, 0, 0, 0, 0, 0, 0, 0, 0, 0, 0, 0, 0, 0, 0, 0, 0, 0, 0, 0, 4, 0, 0, 0, 0, 0, 7, 13, 0, 0, 0, 0, 9, 15, 18, 0, 0, 0, 10, 16, 19, 20, 0, 0, 0, 0, 0, 0, 0, 0), .Dim = c(6, 6, 6))
