do_debug <- 0
T <- 100
N <- 4
m3_observed <-
structure(c(3, 3, 3, 0, 3, 3, 3, 0, 3, 3, 3, 0, 3, 3, 3, 1, 0, 3, 3, 4, 3, 4, 4, 0, 3, 3, 3, 2, 3, 3, 3, 0, 3, 3, 3, 0, 3, 3, 3, 0, 3, 0, 3, 4, 3, 4, 4, 0, 3, 3, 3, 0, 3, 3, 3, 0, 3, 3, 3, 1, 4, 3, 4, 0, 4, 4, 3, 0, 3, 2, 4, 4, 4, 3, 4, 0, 3, 3, 3, 0, 3, 3, 3, 0, 3, 3, 3, 3, 3, 3, 3, 0, 3, 3, 3, 0, 3, 3, 0, 4, 4, 3, 4, 0, 3, 4, 4, 0, 0, 3, 3, 4, 3, 3, 3, 1, 3, 3, 3, 0, 3, 3, 3, 0, 3, 3, 3, 0, 3, 2, 4, 4, 4, 4, 2, 0, 3, 3, 3, 0, 4, 3, 4, 0, 2, 3, 4, 4, 3, 3, 3, 0, 4, 3, 4, 0, 3, 3, 3, 0, 3, 3, 3, 0, 3, 0, 3, 4, 4, 3, 4, 0, 3, 3, 3, 0, 3, 3, 3, 0, 3, 3, 3, 2, 3, 3, 3, 0, 3, 3, 3, 0, 3, 3, 3, 0, 3, 3, 3, 2, 3, 3, 3, 0, 3, 3, 3, 0, 3, 3, 3, 0, 3, 3, 3, 0, 3, 3, 3, 0, 3, 3, 0, 4, 3, 3, 3, 0, 3, 3, 3, 0, 3, 3, 3, 0, 3, 3, 3, 3, 3, 4, 4, 2, 4, 4, 0, 4, 3, 3, 3, 0, 3, 3, 3, 2, 3, 3, 3, 0, 0, 3, 3, 4, 3, 3, 3, 2, 3, 3, 3, 0, 3, 3, 3, 0, 3, 3, 3, 0, 3, 3, 3, 0, 3, 3, 3, 0, 3, 3, 0, 4, 0, 3, 0, 2, 1, 4, 4, 0, 3, 4, 4, 1, 4, 4, 3, 0, 3, 3, 3, 2, 3, 4, 4, 0, 4, 1, 3, 4, 3, 3, 3, 0, 3, 3, 3, 0, 3, 3, 3, 0, 4, 4, 3, 0, 3, 3, 3, 0, 3, 3, 3, 0, 3, 3, 3, 1, 4, 4, 4, 4, 3, 4, 4, 2, 3, 0, 3, 4, 3, 3, 0, 4, 3, 4, 4, 0, 3, 3, 3, 0, 3, 3, 0, 4, 3, 3, 0, 4, 3, 3, 3, 0, 3, 3, 3, 0, 3, 3, 3, 0, 3, 3, 3, 0, 3, 0, 3, 4), .Dim = c(4, 100))
prc <-
c(0.9, 0.5)
index_m2 <-
structure(c(0, 0, 0, 0, 1, 0, 0, 0, 2, 4, 0, 0, 3, 5, 6, 0), .Dim = c(4, 4))
index_m3 <-
structure(c(0, 0, 0, 0, 0, 0, 0, 0, 0, 0, 0, 0, 0, 0, 0, 0, 0, 0, 0, 0, 0, 0, 0, 0, 0, 0, 0, 0, 0, 0, 0, 0, 0, 0, 0, 0, 1, 0, 0, 0, 0, 0, 0, 0, 0, 0, 0, 0, 0, 0, 0, 0, 2, 0, 0, 0, 3, 4, 0, 0, 0, 0, 0, 0), .Dim = c(4, 4, 4))
